051017133321 121232434
051017133646 1499876-7777
051017152013 14 9998-0987
051017152110 65 9875-01400
051017162308 2005 25 87
051017163121 12324234
051017163239 sdf
051017163251 rrrr
051017163351 ddd
051017163531 jj
051017163818 lll
051017163831 77777
051017163842 1111
051017165347 74726487623843
051017214540 5555555555
051017214855 2222222222
051017214855 77777777777
061017032059 14 99876-1178
061017032059 14 99345-0987
061017170553 8978979879789
061017170553 1321321321231
061017211117 675675675
061017211117
